795.1090
795.4706
782.0675
749.0541
726.4214
704.6843
694.9760
687.3091
690.6704
690.7414
692.6176
697.9459
695.2199
699.0389
698.9925
702.5724
705.4966
709.1966
711.9142
713.1995
711.3141
711.6558
710.6164
711.5661
712.5006
707.9990
710.5748
706.9308
709.4144
711.6017
708.3161
708.8811
707.0386
705.0295
702.6556
702.5380
699.1458
704.0286
703.4442
703.9359
704.6759
702.6257
701.6893
701.2678
701.5700
702.8327
697.9784
699.9402
698.9315
697.2447
696.7158
698.9885
700.9420
696.6913
696.5340
699.2760
695.2591
690.5973
694.8911
693.2950
691.6407
689.0522
689.0592
688.8110
687.0188
687.9871
689.8795
690.5449
688.7129
691.2532
690.4797
690.1021
688.4545
686.4508
684.3601
688.2464
688.5374
686.1141
682.9673
682.4416
681.7085
687.1083
684.7362
